Number of dates included: 42
Number of people included: 64955
My PRs: [95.90163934426229, 97.01149425287356, 95.68500539374327, 95.39295392953929]
Average PR: 95.9977732301046

[臺大 205] Avg PR = 54
          0   1   2   3   4   5   6   7   8   9   10  11  12  13  14  15  16  \
PR        50  70  33  50  54  66  69  54  62  50  90  69  66  70  44  40  50   
Count      4  10   6   6  11  12  13  11   8  12  11  13   9  10   9  10   2   
WinCount   2   7   2   3   6   8   9   6   5   6  10   9   6   7   4   4   1   

           17  18  19  20  21  22  23  24  25  26  27  28  29  
PR        100   0  60  57  50   0  25   0   0   0  66  20  40  
Count       1   1   5   7   6   3   4   3   2   3   3   5   5  
WinCount    1   0   3   4   3   0   1   0   0   0   2   1   2  

[清大 83] Avg PR = 63
           0   1   2    3    4    5    6   7   8   9    10  11  12  13  14  \
PR        100  50  50  100  100  100  100  50  50  66  100  50  50  50  66   
Count       3   2   2    2    1    2    2   4   2   3    2   2   2   4   6   
WinCount    3   1   1    2    1    2    2   2   1   2    2   1   1   2   4   

          15  16  17  18  19   20  21  22   23  24  25  26  27  28  
PR        33  66  66  83  50  100  50  50  100  33  33  66   0  66  
Count      3   3   6   6   2    3   2   2    2   3   3   3   3   3  
WinCount   1   2   4   5   1    3   1   1    2   1   1   2   0   2  

[交大 936] Avg PR = 85
          0   1   2   3   4   5   6   7   8   9   10  11  12  13  14  15  16  \
PR        94  89  93  92  90  88  89  84  76  86  77  88  75  80  96  94  89   
Count     19  28  16  27  41  27  29  46  21  22  31  35  29  20  32  36  28   
WinCount  18  25  15  25  37  24  26  39  16  19  24  31  22  16  31  34  25   

          17  18  19  20  21  22  23  24  25  26  27  28  29  30  31  32  33  \
PR        90  88  78  91  86  88  89  64  82  75  77  81  86   0   0   0   0   
Count     31  25  47  37  45  36  49  37  41  28  27  16  22   1   1   1   1   
WinCount  28  22  37  34  39  32  44  24  34  21  21  13  19   0   0   0   0   

          34   35  
PR        50  100  
Count      2    2  
WinCount   1    2  

[成大 327] Avg PR = 72
          0    1   2   3   4   5   6   7   8   9   10  11  12  13  14   15  \
PR         0  100  25  80  80  85  72  60   0  79  73  50  75  63  85  100   
Count      2    4   4   5   5   7  22   5   2  29  23   2   4  30  27    1   
WinCount   0    4   1   4   4   6  16   3   0  23  17   1   3  19  23    1   

           16  17  18  19  20  21  22  23  24  25  26  27  28  
PR        100  50  75  75  71  77  60  75  87  73  67  71  88  
Count       3   8  28   4   7   9  10   4   8  23  28  14   9  
WinCount    3   4  21   3   5   7   6   3   7  17  19  10   8  

[中央 1080] Avg PR = 83
          0   1   2   3   4   5   6   7   8   9   10  11  12  13  14  15  16  \
PR        81  81  82  90  86  75  85  82  78  79  88  72  83  83  77  85  85   
Count     38  49  58  61  36  52  57  57  41  39  34  22  37  30  27  47  35   
WinCount  31  40  48  55  31  39  49  47  32  31  30  16  31  25  21  40  30   

          17  18  19  20  21  22  23  24  25  26  27  28   29   30  31  32  \
PR        75  81  81  72  93  84  66  91  78  83  84  88  100  100  86  87   
Count     16  16  11  11  16  19  24  23  19  18  19  25   19   23  37  16   
WinCount  12  13   9   8  15  16  16  21  15  15  16  22   19   23  32  14   

           33   34  35   36   37  38   39  
PR        100  100  70  100  100   0  100  
Count      10    5  10   16    2   1    4  
WinCount   10    5   7   16    2   0    4  

[中興 537] Avg PR = 94
          0    1    2    3   4   5   6   7   8   9   10  11   12   13   14  \
PR        95  100  100  100  88  85  91  90  80  75  80  88  100  100  100   
Count     49    3    1    2   9   7  12  10   5   8   5   9   10   13   16   
WinCount  47    3    1    2   8   6  11   9   4   6   4   8   10   13   16   

          15   16   17  18  19   20  21  22  23  24  25   26   27   28  29  \
PR        96  100  100  97  98  100  75  96  95  88  88  100  100  100  50   
Count     33   14   11  44  58   17   8  29  23   9   9   13   14    8   2   
WinCount  32   14   11  43  57   17   6  28  22   8   8   13   14    8   1   

          30  31  32   33   34  35  36   37  
PR        90  92  60  100  100  70  94  100  
Count     11  25   5    3    8  10  17    7  
WinCount  10  23   3    3    8   7  16    7  

[中山 2568] Avg PR = 91
          0   1   2   3   4   5   6   7   8   9   10  11  12  13  14  15  16  \
PR        93  96  92  88  85  92  86  78  91  95  83  88  85  94  83  88  91   
Count     59  85  14   9  78  85  45  55  60  94  56  94  81  96  85  87  57   
WinCount  55  82  13   8  67  79  39  43  55  90  47  83  69  91  71  77  52   

          17  18  19   20   21  22  23  24  25  26  27  28  29  30  31  32  \
PR        96  96  93   86   89  91  89  87  95  86  83  93  90  87  93  98   
Count     95  28  33  106  107  95  64  74  71  46  48  47  73  70  74  65   
WinCount  92  27  31   92   96  87  57  65  68  40  40  44  66  61  69  64   

          33  34   35   36  37   38   39   40   41  
PR        91  86  100  100  94  100  100  100  100  
Count     45  15   35   66  19   41   58   21   32  
WinCount  41  13   35   66  18   41   58   21   32  

[中正 944] Avg PR = 88
          0   1   2   3   4   5   6   7   8   9   10  11  12  13  14  15  16  \
PR        66  77  80  78  80  75  66  85  68  84  85  85  77  88  94  92  95   
Count      6   9   5  14  10  12  12   7  22  25  21  20  22  34  18  38  22   
WinCount   4   7   4  11   8   9   8   6  15  21  18  17  17  30  17  35  21   

           17  18  19  20  21  22  23  24  25  26  27  28  29  30  31   32  \
PR        100  95  91  94  82  91  89  85  88  91  92  93  84  83  94  100   
Count      23  40  56  17  29  37  57  27  43  72  53  43  33  30  19    8   
WinCount   23  38  51  16  24  34  51  23  38  66  49  40  28  25  18    8   

          33   34   35   36   37  
PR        95  100  100  100  100  
Count     21    1    7   12   19  
WinCount  20    1    7   12   19  

[逢甲 2909] Avg PR = 99
           0    1    2    3    4    5    6    7    8    9    10   11   12  \
PR        100   99  100  100  100   99   98  100   99  100  100   99   99   
Count     151  184  138  146  229  185  184  203  217  138  149  177  262   
WinCount  151  183  138  146  229  184  182  203  215  138  149  176  260   

           13   14  15   16   17   18  19  20   21  22   23  24   25  26  27  \
PR         98  100  97  100  100  100  96  95  100  88  100  98  100  93  66   
Count     127   40  37   36   29   21  29  21   11  17   42  65    6  15   3   
WinCount  125   40  36   36   29   21  28  20   11  15   42  64    6  14   2   

           28   29   30  31   32   33   34   35   36  
PR        100  100  100   0  100  100  100  100  100  
Count      28    2    4   1    2    5    1    1    3  
WinCount   28    2    4   0    2    5    1    1    3  

[輔仁 2462] Avg PR = 95
          0    1   2    3   4    5    6    7   8    9   10  11  12  13   14  \
PR        92   93  88   95  90   93   95   93  91   93  95  95  94  97  100   
Count     93  117  86  110  86  101  108  119  80  115  81  86  68  99   62   
WinCount  86  109  76  105  78   94  103  111  73  108  77  82  64  97   62   

          15  16   17  18  19  20  21  22  23  24  25  26  27  28   29  30  \
PR        96  97  100  93  97  96  95  98  98  95  66  91  98  95  100  98   
Count     84  75  104  58  74  56  41  98  75  40   3  37  60  21    3  78   
WinCount  81  73  104  54  72  54  39  97  74  38   2  34  59  20    3  77   

           31   32   33   34   35   36   37   38   39  
PR        100  100  100  100  100  100  100  100  100  
Count      19    6   24   37   23    3    3   13   16  
WinCount   19    6   24   37   23    3    3   13   16  