Number of dates included: 42
Number of people included: 64955
My PRs: [95.90163934426229, 97.01149425287356, 95.68500539374327, 95.39295392953929]
Average PR: 95.9977732301046

[臺大資工 112] Avg PR = 47
          0   1   2   3   4   5   6   7   8   9   10  11  12  13  14  15  16  \
PR         0  50  20   0  42  50  77  33  50  42  80  57  50  57  40  50  50   
Count      1   4   5   3   7   8   9   6   4   7   5   7   4   7   5   6   2   
WinCount   0   2   1   0   3   4   7   2   2   3   4   4   2   4   2   3   1   

           17  18  19  20  21  22  23  24   25  26  27  
PR        100   0  50  40  60   0   0   0  100   0  50  
Count       1   1   2   5   5   1   2   1    1   1   2  
WinCount    1   0   1   2   3   0   0   0    1   0   1  

[清大資工 63] Avg PR = 57
           0    1   2    3    4    5    6   7   8   9    10  11  12  13  14  \
PR        100  100  50  100  100  100  100  50  50  50  100   0   0  33  33   
Count       3    1   2    2    1    1    2   2   2   2    2   1   1   3   3   
WinCount    3    1   1    2    1    1    2   1   1   1    2   0   0   1   1   

          15  16  17  18  19   20  21  22   23  24  25  26  27  28  
PR         0  50  80  83   0  100  50  50  100   0   0  50   0  66  
Count      2   2   5   6   1    2   2   2    1   2   2   2   3   3  
WinCount   0   1   4   5   0    2   1   1    1   0   0   1   0   2  

[交大資工 331] Avg PR = 82
          0   1    2    3   4    5   6   7   8   9   10  11  12  13  14  15  \
PR        91  77  100  100  87  100  81  88  88  80  60  91  69  80  92  86   
Count     12   9    9    8   8    8  11  17   9   5  10  12  13  10  14  15   
WinCount  11   7    9    8   7    8   9  15   8   4   6  11   9   8  13  13   

           16  17  18  19  20  21  22  23  24  25  26  27  28  29  
PR        100  84  83  78  93  90  81  93  50  66  54  66  75  80  
Count       7  13   6  14  16  20  11  16  16   9  11   9   8   5  
WinCount    7  11   5  11  15  18   9  15   8   6   6   6   6   4  

[成大資工 208] Avg PR = 70
          0    1   2   3   4    5   6   7   8    9    10  11  12   13   14  \
PR         0  100   0  50  50  100  80  78  72  100  100  66  83  100  100   
Count      2    3   1   2   2    2  10  23  18    1    1  27  24    1    2   
WinCount   0    3   0   1   1    2   8  18  13    1    1  18  20    1    2   

          15  16   17  18  19  20   21   22  23  24  25  26  
PR        50  73  100  50  75  66  100  100  60  50  55  80  
Count      4  23    1   2   4   3    2    3  15  18   9   5  
WinCount   2  17    1   1   3   2    2    3   9   9   5   4  

[中央資工 811] Avg PR = 83
          0   1   2   3   4   5   6   7   8   9   10  11  12  13  14  15  16  \
PR        78  82  84  92  87  79  87  83  70  76  91  76  85  84  75  84  85   
Count     28  47  50  51  31  43  39  42  31  30  23  17  34  25  24  44  34   
WinCount  22  39  42  47  27  34  34  35  22  23  21  13  29  21  18  37  29   

          17  18  19  20   21  22  23  24  25  26  27  28   29  
PR        73  84  81  70  100  82  63  91  78  83  83  86  100  
Count     15  13  11  10   13  17  22  23  19  18  18  22   17  
WinCount  11  11   9   7   13  14  14  21  15  15  15  19   17  

[中興資工 93] Avg PR = 96
          0    1    2    3    4   5    6    7    8   9    10   11   12   13  \
PR        96  100  100  100  100  50  100  100  100  66  100  100  100  100   
Count     30    2    1    1    2   2    1    4    2   3    2    1    1    2   
WinCount  29    2    1    1    2   1    1    4    2   2    2    1    1    2   

           14   15   16   17   18   19   20   21   22   23   24   25   26  
PR        100  100  100  100  100  100  100  100  100  100  100  100  100  
Count       2    4    2    2    8    9    1    3    3    1    1    2    1  
WinCount    2    4    2    2    8    9    1    3    3    1    1    2    1  

[中山資工 1815] Avg PR = 89
          0   1   2   3   4   5   6   7   8   9   10  11  12  13  14  15  16  \
PR        92  95  91  85  85  93  86  77  90  95  85  85  85  94  83  88  90   
Count     51  71  12   7  69  77  45  54  55  84  49  71  74  87  83  84  53   
WinCount  47  68  11   6  59  72  39  42  50  80  42  61  63  82  69  74  48   

          17   18  19   20  21  22  23  24  25  26  27  28  29  
PR        96  100  93   87  92  88  86  88  96  88  83  95  90  
Count     87   27  30  103  98  53  50  71  66  43  43  46  72  
WinCount  84   27  28   90  91  47  43  63  64  38  36  44  65  

[中正資工 737] Avg PR = 88
          0   1    2   3   4   5   6   7   8   9   10  11  12  13   14  15  \
PR        60  71  100  77  66  71  57  66  75  81  82  85  77  87  100  97   
Count      5   7    3   9   6   7   7   3  16  22  17  20  22  32   14  34   
WinCount   3   5    3   7   4   5   4   2  12  18  14  17  17  28   14  33   

           16   17  18  19  20  21  22  23  24  25  26  27  28  29  
PR        100  100  97  92  94  82  91  88  88  87  92  94  92  81  
Count      16   22  36  52  17  29  35  50  25  41  69  52  42  27  
WinCount   16   22  35  48  16  24  32  44  22  36  64  49  39  22  

[逢甲資工 2824] Avg PR = 99
           0    1    2    3    4    5    6    7    8    9    10   11   12  \
PR        100   99  100  100  100   99   98  100   99  100  100   99   99   
Count     150  183  136  145  222  182  180  198  208  137  145  177  262   
WinCount  150  182  136  145  222  181  178  198  206  137  145  176  260   

           13   14  15   16   17   18  19  20   21  22   23  24   25  26  27  \
PR         98  100  97  100  100  100  96  92  100  88  100  98  100  92  66   
Count     127   40  36   34   13   21  29  14   11  17   41  65    6  14   3   
WinCount  125   40  35   34   13   21  28  13   11  15   41  64    6  13   2   

           28  
PR        100  
Count      28  
WinCount   28  

[輔仁資工 2020] Avg PR = 94
          0    1   2    3   4   5    6    7   8   9   10  11  12  13   14  15  \
PR        92   92  88   95  89  92   95   93  90  92  94  94  93  97  100  97   
Count     91  114  84  101  78  97  103  112  73  99  73  76  60  87   51  70   
WinCount  84  106  74   96  70  90   98  105  66  92  69  72  56  85   51  68   

          16   17  18  19  20  21  22  23  24  25  26   27  28   29  
PR        97  100  91  96  96  95  98  98  97  50  94  100  94  100  
Count     71   99  47  63  53  40  71  65  38   2  34   49  17    2  
WinCount  69   99  43  61  51  38  70  64  37   1  32   49  16    2  
