Number of dates included: 47
Number of people included: 74041
My PRs: [95.90163934426229, 97.01149425287356, 95.68500539374327, 95.39295392953929]
Average PR: 95.9977732301046

[臺大電機 8] Avg PR = 75
            0    1  2  3    4    5    6
PR        100  100  0  0  100  100  100
Count       1    1  1  1    1    2    1
WinCount    1    1  0  0    1    2    1

[清大電機 2] Avg PR = 50
            0  1
PR        100  0
Count       1  1
WinCount    1  0

[交大電機 18] Avg PR = 77
            0  1  2    3    4  5    6    7    8   9
PR        100  0  0  100  100  0  100  100  100  80
Count       1  1  1    1    2  1    1    1    4   5
WinCount    1  0  0    1    2  0    1    1    4   4

[成大電機 24] Avg PR = 79
           0    1    2   3   4   5    6    7   8    9    10   11   12   13  \
PR        100  100  100  50   0   0  100  100   0  100  100  100  100  100   
Count       1    1    1   4   1   1    1    1   1    1    2    4    1    1   
WinCount    1    1    1   2   0   0    1    1   0    1    2    4    1    1   

           14   15   16  
PR        100  100  100  
Count       1    1    1  
WinCount    1    1    1  

[臺大資工 125] Avg PR = 51
          0    1   2   3   4   5   6   7   8   9   10  11  12  13  14  15  16  \
PR         0  100  50  20   0  37  55  80  42  60  50  85  55  60  57  40  50   
Count      1    2   4   5   3   8   9  10   7   5   8   7   9   5   7   5   6   
WinCount   0    2   2   1   0   3   5   8   3   3   4   6   5   3   4   2   3   

          17   18  19  20  21  22  23  24  25   26  27  28  
PR        50  100   0  50  40  60   0   0   0  100   0  50  
Count      2    1   1   2   5   5   1   2   1    1   1   2  
WinCount   1    1   0   1   2   3   0   0   0    1   0   1  

[清大資工 65] Avg PR = 53
          0   1   2    3    4   5    6    7    8    9   10  11  12   13  14  \
PR        50   0   0  100  100  50  100  100  100  100  50  50  50  100   0   
Count      2   1   1    1    1   2    2    1    1    2   2   2   2    2   1   
WinCount   1   0   0    1    1   1    2    1    1    2   1   1   1    2   0   

          15  16  17  18  19  20  21  22   23  24  25   26  27  28  29  30  31  
PR         0  33  33   0  50  80  83   0  100  50  50  100   0   0  50   0  66  
Count      1   3   3   2   2   5   6   1    2   2   2    1   2   2   2   3   3  
WinCount   0   1   1   0   1   4   5   0    2   1   1    1   0   0   1   0   2  

[交大資工 379] Avg PR = 83
          0   1    2    3   4   5    6    7   8   9   10  11  12  13  14  15  \
PR        66  83  100  100  92  80  100  100  81  88  85  84  91  77  60  91   
Count      3   6    2    4  14  10   10   12  11   9  14  19  12   9  10  12   
WinCount   2   5    2    4  13   8   10   12   9   8  12  16  11   7   6  11   

          16  17  18  19   20  21  22  23  24  25  26  27  28  29  30  31  32  \
PR        73  80  93  88  100  84  83  78  94  90  81  93  50  66  54  62  75   
Count     15  10  16  17    9  13   6  14  17  21  11  16  16   9  11   8   8   
WinCount  11   8  15  15    9  11   5  11  16  19   9  15   8   6   6   5   6   

          33  
PR        80  
Count      5  
WinCount   4  

[成大資工 240] Avg PR = 69
           0   1   2   3    4   5   6   7    8   9    10  11  12  13  14  15  \
PR        100  16   0  40  100  66  50  66  100  80  100  78  73  33  50  67   
Count       2   6   1   5    3   3   4   6    4  10    1  23  19   3   2  28   
WinCount    2   1   0   2    3   2   2   4    4   8    1  18  14   1   1  19   

          16   17   18  19  20   21  22  23  24   25   26  27  28  29  30  
PR        84  100  100  50  73  100  50  75  66  100  100  60  50  55  80  
Count     26    3    2   4  23    1   2   4   3    2    3  15  18   9   5  
WinCount  22    3    2   2  17    1   1   3   2    2    3   9   9   5   4  

[中央資工 1021] Avg PR = 84
          0   1   2   3   4   5   6   7   8   9   10  11  12  13  14  15  16  \
PR        91  90  75  88  87  82  83  91  87  79  85  82  70  77  92  78  85   
Count     67  50  20  34  72  45  48  49  32  43  35  41  30  31  25  19  35   
WinCount  61  45  15  30  63  37  40  45  28  34  30  34  21  24  23  15  30   

          17  18  19  20  21  22  23  24   25  26  27  28  29  30  31  32   33  
PR        84  75  84  85  73  84  81  70  100  82  63  91  78  83  83  86  100  
Count     25  24  44  34  15  13  11  10   13  17  22  23  19  18  18  22   17  
WinCount  21  18  37  29  11  11   9   7   13  14  14  21  15  15  15  19   17  

[中興資工 85] Avg PR = 95
           0   1    2    3    4    5    6   7    8    9    10  11   12   13  \
PR        100  75  100  100  100  100  100  50  100  100  100  75  100  100   
Count       7   8    1    2    1    1    2   2    1    3    2   4    2    1   
WinCount    7   6    1    2    1    1    2   1    1    3    2   3    2    1   

           14   15   16   17   18   19   20   21   22   23   24   25   26  \
PR        100  100  100  100  100  100  100  100  100  100  100  100  100   
Count       1    3    3    4    2    3    8    9    1    4    4    2    1   
WinCount    1    3    3    4    2    3    8    9    1    4    4    2    1   

           27   28  
PR        100  100  
Count       2    1  
WinCount    2    1  

[中山資工 2011] Avg PR = 89
          0   1   2   3   4   5   6   7   8   9   10  11  12  13  14  15  16  \
PR        75  84  93  94  83  94  92  87  86  94  85  78  90  96  86  86  86   
Count     28  32  47  77  56  73  14   8  69  78  47  55  55  84  50  72  74   
WinCount  21  27  44  73  47  69  13   7  60  74  40  43  50  81  43  62  64   

          17  18  19  20  21   22  23   24  25  26  27  28  29  30  31  32  33  
PR        94  84  88  92  96  100  93   87  92  88  86  88  96  88  83  95  90  
Count     86  83  84  52  86   26  29  103  99  53  50  71  66  43  43  46  72  
WinCount  81  70  74  48  83   26  27   90  92  47  43  63  64  38  36  44  65  

[中正資工 768] Avg PR = 88
           0   1   2    3   4   5   6   7   8   9   10  11  12  13  14  15  \
PR        100  76  60  100  80  66  75  66  50  75  50  75  81  85  88  85   
Count       4  13   5    5   5   9   4   9   6   8   6   4  16  20  18  21   
WinCount    4  10   3    5   4   6   3   6   3   6   3   3  13  17  16  18   

          16  17   18  19   20   21  22  23  24  25  26  27  28  29  30  31  \
PR        78  87  100  97  100  100  97  92  94  82  91  88  88  87  92  94   
Count     23  31   14  34   16   22  36  52  17  29  35  50  25  41  69  52   
WinCount  18  27   14  33   16   22  35  48  16  24  32  44  22  36  64  49   

          32  33  
PR        92  81  
Count     42  27  
WinCount  39  22  

[逢甲資工 3804] Avg PR = 99
           0    1    2    3    4    5    6    7    8    9    10   11   12  \
PR         99   98   98   99   98   99  100  100  100   99   98  100   99   
Count     224  276  235  252  159  182  133  142  221  180  180  199  209   
WinCount  223  272  232  251  157  181  133  142  221  179  178  199  207   

           13   14   15   16   17   18  19   20   21   22  23  24   25  26  \
PR        100  100   99   99   98  100  97  100  100  100  96  92  100  88   
Count     136  143  176  259  126   39  36   35   13   21  29  14   11  17   
WinCount  136  143  175  257  124   39  35   35   13   21  28  13   11  15   

           27  28   29  30  31   32  
PR        100  98  100  92  66  100  
Count      41  65    6  14   3   28  
WinCount   41  64    6  13   2   28  