Number of dates included: 45
Number of people included: 69666
My PRs: [95.90163934426229, 97.01149425287356, 95.68500539374327, 95.39295392953929]
Average PR: 95.9977732301046

[臺大 218] Avg PR = 56
           0   1   2   3   4   5   6   7   8   9   10  11  12  13  14  15  16  \
PR        100  50  80  62  33  40  50  71  71  58  66  53  92  66  70  70  44   
Count       1   2   5   8   6   5  12  14  14  12   9  13  13  15  10  10   9   
WinCount    1   1   4   5   2   2   6  10  10   7   6   7  12  10   7   7   4   

          17  18   19  20  21  22  23  24  25  26  27  28  29  30  31  
PR        40  50  100   0  60  57  50   0  25   0   0   0  66  20  40  
Count     10   2    1   1   5   7   6   3   4   3   2   3   3   5   5  
WinCount   4   1    1   0   3   4   3   0   1   0   0   0   2   1   2  

[清大 91] Avg PR = 62
          0    1   2   3    4    5    6    7   8   9   10   11  12  13  14  \
PR        50  100  50  50  100  100  100  100  40  50  66  100  50  50  50   
Count      2    1   2   2    2    1    2    2   5   2   3    2   2   2   4   
WinCount   1    1   1   1    2    1    2    2   2   1   2    2   1   1   2   

          15  16  17  18  19  20   21  22  23   24  25  26  27  28  29  
PR        71  25  75  57  85  66  100  50  50  100  33  33  66   0  66  
Count      7   4   4   7   7   3    4   2   2    2   3   3   3   3   3  
WinCount   5   1   3   4   6   2    4   1   1    2   1   1   2   0   2  

[交大 1059] Avg PR = 85
          0   1   2   3   4   5   6   7   8   9   10  11  12  13  14  15  16  \
PR        95  90  94  90  88  90  88  86  89  84  77  87  75  86  75  78  97   
Count     23  20  35  30  18  31  44  30  38  51  27  31  33  37  32  23  37   
WinCount  22  18  33  27  16  28  39  26  34  43  21  27  25  32  24  18  36   

          17  18  19  20  21  22  23  24  25  26  27  28  29  30  31  32  33  \
PR        94  89  90  88  78  92  86  88  89  64  82  75  76  81  86   0   0   
Count     38  29  32  26  47  38  46  36  49  37  41  28  26  16  22   1   1   
WinCount  36  26  29  23  37  35  40  32  44  24  34  21  20  13  19   0   0   

          34  35  36   37  
PR         0   0  50  100  
Count      1   1   2    2  
WinCount   0   0   1    2  

[成大 355] Avg PR = 71
          0   1   2    3   4   5   6   7   8   9   10  11  12  13  14  15  16  \
PR        50   0  57  100  25  66  66  87  72  60   0  79  75  25  60  64  86   
Count     10   1   7    4   4   6   6   8  22   5   2  29  24   4   5  31  29   
WinCount   5   0   4    4   1   4   4   7  16   3   0  23  18   1   3  20  25   

           17   18  19  20  21  22  23  24  25  26  27  28  29  30  
PR        100  100  50  75  75  71  77  60  75  87  73  67  71  88  
Count       3    3   8  28   4   7   9  10   4   8  23  28  14   9  
WinCount    3    3   4  21   3   5   7   6   3   7  17  19  10   8  

[中央 1200] Avg PR = 84
          0   1   2   3   4   5   6   7   8   9   10  11  12  13  14  15  16  \
PR        81  90  89  81  82  90  86  75  85  82  78  80  88  75  84  83  77   
Count     32  40  84  48  57  60  37  53  54  57  41  40  36  24  38  30  27   
WinCount  26  36  75  39  47  54  32  40  46  47  32  32  32  18  32  25  21   

          17  18  19  20  21  22  23  24  25  26  27  28  29  30   31   32  \
PR        85  85  75  81  81  72  93  84  66  91  78  83  84  88  100  100   
Count     47  35  16  16  11  11  16  19  24  23  19  18  19  25   19   23   
WinCount  40  30  12  13   9   8  15  16  16  21  15  15  16  22   19   23   

          33  34   35   36  37   38   39  40   41  
PR        86  87  100  100  70  100  100   0  100  
Count     37  16   10    5  10   16    2   1    4  
WinCount  32  14   10    5   7   16    2   0    4  

[中興 536] Avg PR = 93
          0    1    2    3    4    5   6   7   8   9   10  11  12  13   14  \
PR        68  100  100  100  100  100  90  88  91  90  83  77  87  91  100   
Count     19    4    2    3    1    3  10   9  12  11   6   9   8  12   12   
WinCount  13    4    2    3    1    3   9   8  11  10   5   7   7  11   12   

           15   16  17   18   19  20  21   22  23  24  25  26  27   28   29  \
PR        100  100  96  100  100  97  98  100  75  96  95  90  88  100  100   
Count      15   18  33   14   12  44  58   17   8  30  24  10   9   13   14   
WinCount   15   18  32   14   12  43  57   17   6  29  23   9   8   13   14   

           30  31  32  33  34   35   36  37  38   39  
PR        100  50  90  92  60  100  100  70  94  100  
Count       8   2  11  25   5    3    8  10  17    7  
WinCount    8   1  10  23   3    3    8   7  16    7  

[中山 2745] Avg PR = 91
          0   1   2   3   4   5   6   7   8   9   10  11  12  13  14  15  16  \
PR        93  94  85  95  93  90  86  93  85  77  90  95  84  88  85  94  83   
Count     58  90  63  87  16  11  80  87  47  57  61  95  58  96  82  96  86   
WinCount  54  85  54  83  15  10  69  81  40  44  55  91  49  85  70  91  72   

          17  18  19  20  21   22   23  24  25  26  27  28  29  30  31  32  \
PR        88  91  96  96  93   86   89  91  89  87  95  86  83  93  90  87   
Count     88  57  95  28  33  107  108  95  64  74  71  46  48  47  73  70   
WinCount  78  52  92  27  31   93   97  87  57  65  68  40  40  44  66  61   

          33  34  35  36   37   38  39   40   41   42   43  
PR        93  98  91  86  100  100  94  100  100  100  100  
Count     74  65  45  15   35   66  19   41   58   21   32  
WinCount  69  64  41  13   35   66  18   41   58   21   32  

[中正 971] Avg PR = 88
          0    1   2   3   4   5   6   7   8   9   10  11  12  13  14  15  16  \
PR        77  100  87  72  60  69  70  76  63  88  73  83  86  86  78  88  94   
Count      9    8   8  11   5  13  10  13  11   9  23  24  23  22  23  34  18   
WinCount   7    8   7   8   3   9   7  10   7   8  17  20  20  19  18  30  17   

          17  18   19  20  21  22  23  24  25  26  27  28  29  30  31  32  33  \
PR        92  95  100  95  91  94  82  91  89  85  88  91  92  93  84  83  94   
Count     38  22   23  40  56  17  29  37  57  27  43  72  53  43  33  30  19   
WinCount  35  21   23  38  51  16  24  34  51  23  38  66  49  40  28  25  18   

           34  35   36   37   38   39  
PR        100  95  100  100  100  100  
Count       8  21    1    7   12   19  
WinCount    8  20    1    7   12   19  

[逢甲 3399] Avg PR = 99
           0    1    2    3    4    5    6    7    8    9    10   11   12  \
PR         98   99   98   99  100  100  100   99   98  100   99  100  100   
Count     239  255  159  181  135  144  228  184  185  202  218  138  148   
WinCount  236  254  157  180  135  144  228  183  183  202  216  138  148   

           13   14   15   16  17   18   19   20  21  22   23  24   25  26  \
PR         99   99   98  100  97  100  100  100  96  95  100  88  100  98   
Count     176  261  127   39  37   37   29   21  29  21   11  17   42  65   
WinCount  175  259  125   39  36   37   29   21  28  20   11  15   42  64   

           27  28  29   30   31   32  33   34   35   36   37   38  
PR        100  93  66  100  100  100   0  100  100  100  100  100  
Count       6  15   3   28    2    4   1    2    5    1    1    3  
WinCount    6  14   2   28    2    4   0    2    5    1    1    3  

[輔仁 2659] Avg PR = 95
          0   1    2    3   4    5   6   7    8    9   10   11  12  13  14  \
PR        97  96   95   93  88   95  90  92   95   93  91   94  95  95  94   
Count     86  94  111  115  86  108  84  98  106  118  82  117  81  87  70   
WinCount  84  91  106  107  76  103  76  91  101  110  75  110  77  83  66   

           15   16  17  18   19  20  21  22  23  24  25  26  27  28  29  30  \
PR         98  100  96  97  100  93  97  96  95  98  98  95  66  91  98  95   
Count     100   63  85  76  104  58  74  56  41  98  75  40   3  37  60  21   
WinCount   98   63  82  74  104  54  72  54  39  97  74  38   2  34  59  20   

           31  32   33   34   35   36   37   38   39   40   41  
PR        100  98  100  100  100  100  100  100  100  100  100  
Count       3  78   19    6   24   37   23    3    3   13   16  
WinCount    3  77   19    6   24   37   23    3    3   13   16  
