Number of dates included: 45
Number of people included: 69666
My PRs: [95.90163934426229, 97.01149425287356, 95.68500539374327, 95.39295392953929]
Average PR: 95.9977732301046

[臺大資工 125] Avg PR = 51
          0    1   2   3   4   5   6   7   8   9   10  11  12  13  14  15  16  \
PR         0  100  50  20   0  37  55  80  42  60  50  85  55  60  57  40  50   
Count      1    2   4   5   3   8   9  10   7   5   8   7   9   5   7   5   6   
WinCount   0    2   2   1   0   3   5   8   3   3   4   6   5   3   4   2   3   

          17   18  19  20  21  22  23  24  25   26  27  28  
PR        50  100   0  50  40  60   0   0   0  100   0  50  
Count      2    1   1   2   5   5   1   2   1    1   1   2  
WinCount   1    1   0   1   2   3   0   0   0    1   0   1  

[清大資工 62] Avg PR = 54
          0    1    2   3    4    5    6    7   8   9   10   11  12  13  14  \
PR         0  100  100  50  100  100  100  100  50  50  50  100   0   0  33   
Count      1    1    1   2    2    1    1    2   2   2   2    2   1   1   3   
WinCount   0    1    1   1    2    1    1    2   1   1   1    2   0   0   1   

          15  16  17  18  19  20   21  22  23   24  25  26  27  28  29  
PR        33   0  50  80  83   0  100  50  50  100   0   0  50   0  66  
Count      3   2   2   5   6   1    2   2   2    1   2   2   2   3   3  
WinCount   1   0   1   4   5   0    2   1   1    1   0   0   1   0   2  

[交大資工 357] Avg PR = 83
           0    1   2   3    4    5   6    7   8   9   10  11  12  13  14  15  \
PR        100  100  92  77  100  100  90  100  84  83  90  77  60  91  71  80   
Count       2    4  14   9   10   10  10    8  13  18  11   9  10  12  14  10   
WinCount    2    4  13   7   10   10   9    8  11  15  10   7   6  11  10   8   

          16  17   18  19  20  21  22  23  24  25  26  27  28  29  30  31  
PR        93  87  100  84  83  78  93  90  81  93  50  66  54  62  75  80  
Count     16  16    8  13   6  14  16  20  11  16  16   9  11   8   8   5  
WinCount  15  14    8  11   5  11  15  18   9  15   8   6   6   5   6   4  

[成大資工 234] Avg PR = 68
          0   1   2    3   4   5   6    7   8   9   10  11  12  13  14   15  \
PR        16   0  40  100  50  50  50  100  80  78  73  33  50  67  84  100   
Count      6   1   5    3   2   4   4    4  10  23  19   3   2  28  26    3   
WinCount   1   0   2    3   1   2   2    4   8  18  14   1   1  19  22    3   

           16  17  18   19  20  21  22   23   24  25  26  27  28  
PR        100  50  73  100  50  75  66  100  100  60  50  55  80  
Count       2   4  23    1   2   4   3    2    3  15  18   9   5  
WinCount    2   2  17    1   1   3   2    2    3   9   9   5   4  

[中央資工 914] Avg PR = 83
          0   1   2   3   4   5   6   7   8   9   10  11  12  13  14  15  16  \
PR        75  88  88  82  83  92  87  79  86  83  71  77  92  78  85  84  75   
Count     20  34  71  46  49  51  32  44  38  42  32  31  25  19  35  25  24   
WinCount  15  30  63  38  41  47  28  35  33  35  23  24  23  15  30  21  18   

          17  18  19  20  21  22   23  24  25  26  27  28  29  30   31  
PR        84  85  73  84  81  70  100  82  63  91  78  83  83  86  100  
Count     44  34  15  13  11  10   13  17  22  23  19  18  18  22   17  
WinCount  37  29  11  11   9   7   13  14  14  21  15  15  15  19   17  

[中興資工 78] Avg PR = 94
          0    1    2    3    4    5   6    7    8    9   10   11   12   13  \
PR        75  100  100  100  100  100  50  100  100  100  75  100  100  100   
Count      8    1    2    1    1    2   2    1    3    2   4    2    1    1   
WinCount   6    1    2    1    1    2   1    1    3    2   3    2    1    1   

           14   15   16   17   18   19   20   21   22   23   24   25   26   27  
PR        100  100  100  100  100  100  100  100  100  100  100  100  100  100  
Count       3    3    4    2    3    8    9    1    4    4    2    1    2    1  
WinCount    3    3    4    2    3    8    9    1    4    4    2    1    2    1  

[中山資工 1968] Avg PR = 89
          0   1   2   3   4   5   6   7   8   9   10  11  12  13  14  15  16  \
PR        93  93  83  94  92  87  85  93  85  76  89  95  86  86  85  94  83   
Count     47  78  56  73  14   8  70  79  47  56  56  85  51  73  75  87  84   
WinCount  44  73  47  69  13   7  60  74  40  43  50  81  44  63  64  82  70   

          17  18  19   20  21   22  23  24  25  26  27  28  29  30  31  
PR        88  90  96  100  93   87  92  88  86  88  96  88  83  95  90  
Count     85  53  87   27  30  104  99  53  50  71  66  43  43  46  72  
WinCount  75  48  84   27  28   91  92  47  43  63  64  38  36  44  65  

[中正資工 753] Avg PR = 88
          0    1   2   3   4   5   6   7   8   9   10  11  12  13  14  15  \
PR        60  100  80  66  75  66  50  75  50  75  81  80  83  85  78  87   
Count      5    5   5   9   4   9   6   8   6   4  16  21  18  21  23  32   
WinCount   3    5   4   6   3   6   3   6   3   3  13  17  15  18  18  28   

           16  17   18   19  20  21  22  23  24  25  26  27  28  29  30  31  
PR        100  97  100  100  97  92  94  82  91  88  88  87  92  94  92  81  
Count      14  34   16   22  36  52  17  29  35  50  25  41  69  52  42  27  
WinCount   14  33   16   22  35  48  16  24  32  44  22  36  64  49  39  22  

[逢甲資工 3310] Avg PR = 99
           0    1    2    3    4    5    6    7    8    9    10   11   12  \
PR         98   99   98   99  100  100  100   99   98  100   99  100  100   
Count     235  252  158  180  133  142  223  181  181  199  209  137  144   
WinCount  232  251  156  179  133  142  223  180  179  199  207  137  144   

           13   14   15   16  17   18   19   20  21  22   23  24   25  26  \
PR         99   99   98  100  97  100  100  100  96  92  100  88  100  98   
Count     176  261  127   39  36   35   13   21  29  14   11  17   41  65   
WinCount  175  259  125   39  35   35   13   21  28  13   11  15   41  64   

           27  28  29   30  
PR        100  92  66  100  
Count       6  14   3   28  
WinCount    6  13   2   28  

[輔仁資工 2214] Avg PR = 95
          0   1    2    3   4    5   6   7    8    9   10   11  12  13  14  \
PR        97  96   95   92  88   95  89  92   95   93  90   93  94  94  93   
Count     83  90  108  112  84  101  76  95  102  111  75  102  73  77  62   
WinCount  81  87  103  104  74   96  68  88   97  104  68   95  69  73  58   

          15   16  17  18   19  20  21  22  23  24  25  26  27  28   29  30  \
PR        97  100  97  97  100  91  96  96  95  98  98  97  50  94  100  94   
Count     88   52  71  72   99  47  63  53  40  71  65  38   2  34   49  17   
WinCount  86   52  69  70   99  43  61  51  38  70  64  37   1  32   49  16   

           31  
PR        100  
Count       2  
WinCount    2  
